00000000
00000000
00000000
00000000
00000000
00010000
01111110
00010010
00010010
00011110
00011110
00010010
00010010
01111110
00010000
00000000
00000000
00000000
00000000
00000000
01000000
01000000
01000000
01000000
01000000
01000000
01000000
01000000
01100000
01010000
00100000
00000000
00000000
00000000
00000000
00000000
01000100
01000100
01000100
01000100
01000100
01000100
01000100
01000100
01100110
01010101
00100010
00000000
00000000
00000000
00000000
00111110
01000000
11000000
00100000
00100000
00100000
00100000
00100000
00100000
00111000
00110100
00001000
00000000
00000000
00000000
00000000
01110000
10001000
10001000
10101000
01101000
00001000
00001000
00001000
00001000
00001100
00001010
00000100
00000000
00000000
00000000
00000000
00000000
10011000
10011000
01011000
01101000
00001000
00001000
00001000
00001000
00001100
00001010
00000100
00000000
00000000
00000000
00000000
00000000
01111100
01000010
01000010
00000010
00000010
00000010
00000010
00000010
00000010
00000010
00000010
00000010
00000000
00000000
00000000
00000000
01101111
01010001
01010001
00000001
00000001
00000001
00000001
00000001
00000001
00000001
00000001
00000000
00000000
00000000
00000000
00000000
00000010
00000010
00111100
01000000
01001000
00110110
00000000
00000000
00000000
00000000
00000000
00000000
00000000
00000000
00000000
00000000
00000000
00000000
00000000
00001000
00001000
00001000
00000000
00000000
00000000
00000000
00000000
00000000
00000000
00000000
01110000
00010011
00111110
01100000
00000000
00000000
00000000
00000000
00000000
00000000
00000000
00000000
00000000
00000000
00000000
00000000
00000000
00000001
00000001
00000001
01000101
10101011
10010010
10010010
11000010
00000000
00000000
00000000
00000000
00000000
00000000
00000000
00000000
00000000
00000000
00000000
00010000
00010000
01111100
00010000
00010000
00000000
00000000
00000000
00000000
00000000
00000000
00000000
00000000
00000000
00000100
00011100
00110000
00100000
01110000
01010000
01110000
00000000
00000000
00000000
00000000
00000000
00000000
00000000
00000000
00000000
00111000
00101000
00111000
00000000
00000000
00000000
00000000
00000000
00000000
00000000
00000000
00000000