00000000
00000000
00000000
00000000
01111110
10000010
01000001
10000001
10000001
10000001
10000001
10000001
10000001
10000001
10000001
00000000
00000000
00000000
00000000
00000000
01000001
10100001
01100001
00110001
00010001
00010001
00010001
00010001
00010001
00010001
00011110
00000000
00000000
00000000
00000000
00000000
10110001
11010001
00010001
00010001
00010001
00010001
00010001
00010001
00010001
00010001
00011110
00000000
00000000
00000000
00000000
00000000
01111110
10000001
10000001
10010001
10101001
10111001
10100001
11000001
11000001
10000001
10000001
00000000
00000000
00000000
00000000
00000000
01100110
10011001
10000001
10010001
10101001
10111001
10100001
11000001
11000001
10000001
10000001
00000000
00000000
00000000
00000000
00000000
10110001
11010001
00010001
00100001
00100001
00100001
01111001
11101001
10101101
10100101
01100011
00000000
00000000
00000000
00000000
00000000
00000111
00000101
00000111
00000001
00000001
00000001
00100001
00010001
00001001
00000101
00000011
00000000
00000000
00000000
00000000
00000000
01111110
11000001
10000001
00000001
00010001
00101001
00011001
00000101
00000101
00000011
00000001
00000000
00000000
00000000
00000000
00000000
01111000
10000100
00000100
00000100
01000100
10100100
01000100
01000100
01011110
01100101
01000110
00000000
00000000
00000000
00000000
00000000
00000001
00000010
00000100
01001000
10100100
01100100
00100100
00100100
00100100
00100100
00111000
00000000
00000000
00000000
00000000
00000000
00000001
00000010
00000100
10101000
11110100
00010100
00100100
00100100
00100100
00100100
00111000
00000000
00000000
00000000
00000000
00000000
01110001
10001001
01001001
10001001
10001001
10001001
10001001
10001001
10011001
10101111
11011001
00000000
00000000
00000000
00000000
00000000
01110001
10001001
01001001
10001001
10001001
11001001
10101001
11101111
00000000
00001000
00001111
00000000
00000000
00000000
00000000
00000000
01111100
10000010
11100010
00100010
01100010
10100010
01000010
00000011
00110110
01001010
00110110
00000000
00000000
00000000
00000000
00000000
01111100
10000010
11100010
00100010
01100010
10100010
01000010
00000010
00000010
10101010
01010110
00000000
00000000
00000000
00000000
00000000
01111110
10000000
11111110
00000001
00011001
00011101
00000101
00000011
00000000
00101001
01010111
00000000
00000000
00000000
00000000
00000000
10110011
11011101
00110001
01000001
01000001
01000001
01000001
01000001
01000001
01000001
01000001
00000000
00000000
00000000
00000000
00000000
01010001
10101001
10001001
10001001
10001001
10001001
10001001
10101001
11011111
10101001
10011001
00000000
00000000
00000000
00000000
00000000
01110100
10010100
01010100
10010100
10010100
10010100
10010100
10010100
10010110
10011101
11010110
00000000
00000000
00000000
00000000
00000000
01111110
10000001
10000001
10000001
10010001
10101001
10011001
10001001
10010001
10100001
11000001
00000000
00000000
00000000
00000000
00000000
01100110
10011001
10000001
10000001
10010001
10101001
10011001
10001001
10010001
10100001
11000001
00000000
00000000
00000000
00000000
00000000
01111110
10000001
01000001
10000001
10000001
10000001
10000001
10000001
11000001
10100001
01000001
00000000
00000000
00000000
00000000
00000000
01000011
10100101
01100101
00101101
00101001
00101001
00101001
00110001
00100001
00100001
00100001
00000000
00000000
00000000
00000000
00000000
01111111
11000000
10000000
11111110
00100001
00100001
00100001
00100001
00100001
00100001
00111111
00000000
00000000
00000000
00000000
00000000
01100100
10100100
01100100
00100100
00100100
00100100
00100100
00100100
00101110
00110101
00100110
00000000
00000000
00000000
00000000
00000000
01000001
10100001
01100001
00100001
00100001
00100001
00100001
00100001
00100001
00100001
01111111
00000000
00000001
00000001
00000001
00000001
01000001
10100001
01100001
00100001
00100001
00100001
00100001
00100001
00100001
00100001
01111111
00000000
00000000
00000000
00000000
00000000
01000001
10100001
11000001
10000001
10000001
10000001
10000001
10000001
10011001
10100101
11000011
00000000
00000001
00000001
00000001
00000001
01000001
10100001
11000001
10000001
10000001
10000001
10000001
10000001
10011001
10100101
11000011
00000000
00000000
00000000
00000000
00000000
01000001
10100001
01100001
00100001
00100001
00100001
00100001
00100001
00101101
00110011
00100001
00000000
00000001
00000001
00000001
00000001
01000001
10100001
01100001
00100001
00100001
00100001
00100001
00100001
00101101
00110011
00100001
00000000
00000000
00000000
00000000
00000000
01111111
10000001
11000001
00100001
00100001
00100001
00100001
00100001
01100001
10100001
01100001
00000000
00000000
00000000
00000000
00000000
01000001
10100001
11100001
00100001
00100001
00100001
00100001
00111001
01101101
10100111
01100011
00000000
00000000
00000000
00000000
00000000
01000001
10100001
11000001
10000001
10000001
01110001
10000001
10000001
10000001
10000011
11111111
00000000
00000000
00000000
00000000
00000000
00011111
01110000
01000000
01111111
00000001
00000001
00000001
00000001
00000111
00001001
00000111
00000000
00000000000000000000000000000000
00000000000000000000000000000000
00000000000000000000000000000000
00000000000100010001000100010000
00000001000000000000000000010000
00000001000000000000000000010000
00000000000100000000000000010000
00000000000100000000000000010000
00000000000100010001000000010000
00000000000100000001000000010000
00000000000100010001000000010000
00000000000000000000000000010000
00000000000000000000000000010000
00000000000000000000000000010000
00000000000000000000000000010000
00000000000000000000000000010000
00000000
00000000
00000000
00000000
01111110
10000001
00000001
00000001
00000001
01110001
10011001
10001101
11000101
10100111
01000011
00000000
00000000000000000000000000000000
00000000000000000000000000000000
00000000000000000000000000000000
00000000000000000000000000000000
00000000000100010001000100000000
00000001000000000000000000010000
00000001000000000000000000010000
00000000000100000000000000010000
00000000000100000000000000010000
00000001000100000000000000010000
00010000000100000000000000010000
00000001000100000000000000010000
00000000000000000000000000010000
00000000000000000000000000010000
00000000000000000000000000010000
00000000000000000000000000000000
00000000
00000000
00000000
00000000
01111110
10000001
00000001
00000001
00000001
00000001
00000001
00000001
00000011
00000101
00000010
00000000
00000011
00000110
00000100
00001000
01111110
10000001
10000001
10000001
10000001
10010001
10101001
10110001
10100001
10100001
01100001
00000000
00000000
00000000
00000000
00000000
01000010
10100010
01100010
00100010
00100010
00101010
00101111
00100010
00100010
00100010
01111110
00000000
00000001
00000011
00000110
00001100
01111110
10000001
00000001
00000001
00000001
01110001
10001001
10000101
11000011
10100011
01000001
00000000
00000000
00000000
00000000
00000000
01000010
10100101
11100111
00100010
00100110
00101010
00110010
00100010
00100010
00100010
00100010
00000000
00000010
00000110
00001010
00000111
01000010
10100010
01100010
00100010
00100010
00100010
00101010
00101010
00101010
00111110
00110110
00000000
00000000
00000000
00000000
00000000
01111100
11000010
00000010
00000010
00000010
11000010
10100010
11000010
10000010
10000010
11111110
00000000
00000000
00000000
00000100
00001000
01111100
10010010
11110010
00000010
00000010
11000010
10100010
11000010
10000010
10000010
11111110
00000000