00000000
00000000
00000000
00000000
00000000
00000000
00000000
00100000
00111100
00000000
00000000
00100000
00111100
00000000
00000000
00000000
00000000
00000000
00000000
00000000
00100010
01010010
01100100
00111000
00000000
00000000
00000000
00000000
00000000
00000000
00000000
00000000
00000000
00000000
00000000
00111100
01000010
01000010
01000010
00000010
00000010
00000010
00000010
00000010
00000010
00000010
00000010
00000000
00000000
00000000
01110000
01010000
01110000
00000000
00111100
01000010
00000010
00000010
00000010
00000010
00000010
00000010
00000010
00000000
00000000
00000000
00011000
00100100
01000010
01111110
00000000
00000000
00000000
00000000
00000000
00000000
00000000
00000000
00000000
00000000
00000000
00000010
00011010
00100110
01000010
01111110
00000000
00000000
00000000
00000000
00000000
00000000
00000000
00000000
00000000
00000000
00000000
00000010
00011101
00100101
01000011
01111110
00000000
00000000
00000000
00000000
00000000
00000000
00000000
00000000
00000000
00000000
00001010
00001010
00011010
00100110
01000010
01111110
00000000
00000000
00000000
00000000
00000000
00000000
00000000
00000000
00000000
00000000
00000000
00000000
00000000
00000000
00000000
00000000
00000000
00010000
00101000
00011000
00001000
00001000
00000000
00000000
00000000
00000000
00000000
00000000
00000000
00000000
00000000
00000000
00000000
00010010
00101010
00011010
00001010
00001110
00000000
00000000
00000000
00000000
00000000
00000000
00000000
00000000
00000000
00011100
00011100
00011100
00000000
00000000
00000000
00000000
00000000
00000000
00000000
00000000